################################
INSERT INTO public.main_roomtype (name, price)
VALUES ("Queen Sized", 650),("King Sized", 1150),("Twin Beds", 1150);

################################
INSERT INTO public.main_facility (name, price)
VALUES ("AC", 500),("TV", 200),("Wi-Fi", 50),("Hot Shower", 100)

################################
INSERT INTO public.main_room (room_no, availability, reservation_id, room_type_id)
VALUES (101, True, NULL, 1),(102, True, NULL, 1),(103, True, NULL, 1),(104, True, NULL, 1),(105, True, NULL, 1),(106, True, NULL, 1),(107, True, NULL, 1),(108, True, NULL, 1),(109, True, NULL, 1),(201, True, NULL, 2),(202, True, NULL, 2),(203, True, NULL, 2),(204, True, NULL, 2),(205, True, NULL, 2),(206, True, NULL, 2),(207, True, NULL, 2),(208, True, NULL, 2),(209, True, NULL, 2),(301, True, NULL, 3),(302, True, NULL, 3),(303, True, NULL, 3),(304, True, NULL, 3),(305, True, NULL, 3),(306, True, NULL, 3),(307, True, NULL, 3),(308, True, NULL, 3),(309, True, NULL, 3),(110, True, NULL, 1),(210, True, NULL, 2),(310, True, NULL, 3);

################################
INSERT INTO public.main_room_facility(
	id, room_id, facility_id)
	VALUES (1,101,1),(2,101,3),(3,102,2),(4,102,3),(5,103,2),(6,103,3),(7,104,2),(8,104,3),(9,105,2),(10,105,3),(11,106,1),(12,106,2),(13,106,3),(14,106,4),(15,107,1),(16,107,2),(17,107,3),(18,107,4),(19,108,1),(20,108,2),(21,108,3),(22,108,4),(23,109,1),(24,109,2),(25,109,3),(26,109,4),(27,110,1),(28,110,2),(29,110,3),(30,110,4),(31,201,1),(32,201,3),(33,202,1),(34,202,3),(35,203,1),(36,203,3),(37,204,1),(38,204,3),(39,205,1),(40,205,3),(41,206,2),(42,206,4),(43,207,2),(44,207,4),(45,208,2),(46,208,4),(47,209,2),(48,209,4),(49,210,1),(50,210,2),(51,210,3),(52,210,4),(53,301,3),(54,301,4),(55,302,3),(56,302,4),(57,303,3),(58,303,4),(59,304,3),(60,304,4),(61,305,3),(62,305,4),(63,306,1),(64,306,2),(65,306,3),(66,307,1),(67,307,2),(68,307,3),(69,308,1),(70,308,2),(71,308,3),(72,309,1),(73,309,2),(74,309,3),(75,310,1),(76,310,2),(77,310,3),(78,310,4);

